279.01,750.97,279.01,766.97,315.01,766.97,315.01,750.97,80ml
359.01,771.97,348.01,751.97,535.01,638.97,551.01,656.97,*小宅屋*专用盗图可耻
240.01,638.97,240.01,651.97,350.01,651.97,350.01,638.97,DERMATOLOGISTTESTED
242.01,623.97,241.01,637.97,351.01,637.97,351.01,625.97,─臉部·身體均通用─
208.01,609.97,208.01,622.97,383.01,622.97,383.01,609.97,100%物理性防曬適合敏感肌膚使用
227.01,572.97,227.01,594.97,298.01,594.97,298.01,572.97,温和全護
302.01,574.97,302.01,593.97,363.01,593.97,363.01,574.97,輕透防曬乳
260.01,546.97,260.01,569.97,333.01,569.97,333.01,546.97,露得清
258.01,517.97,258.01,541.97,511.01,541.97,512.01,517.97,http://xiaozhaiwu.taobao.com
266.01,488.97,266.01,505.97,328.01,505.97,328.01,488.97,PA+++
232.01,474.97,232.01,485.97,359.01,485.97,359.01,474.97,broadspectrumuva·uvb
232.01,454.97,232.01,470.97,357.01,468.97,359.01,454.97,PUreSCREEN
370.01,455.97,370.01,463.97,357.01,463.97,357.01,455.97,TM
363.01,442.97,363.01,452.97,395.01,452.97,395.01,442.97,###
302.01,429.97,302.01,485.97,356.01,485.97,356.01,429.97,小
348.01,379.97,348.01,437.97,402.01,437.97,402.01,379.97,宅
450.01,431.97,450.01,485.97,399.01,485.97,399.01,431.97,屋
273.01,415.97,273.01,438.97,309.01,438.97,309.01,415.97,50
311.01,418.97,311.01,431.97,325.01,431.97,325.01,418.97,+
276.01,396.97,276.01,406.97,284.01,406.97,284.01,396.97,S
292.01,396.97,292.01,406.97,303.01,406.97,303.01,396.97,P
311.01,397.97,311.01,405.97,319.01,405.97,319.01,397.97,F
380.01,501.97,380.01,515.97,393.01,515.97,393.01,501.97,★
355.01,505.97,355.01,515.97,368.01,515.97,368.01,505.97,★
335.01,498.97,335.01,511.97,344.01,511.97,344.01,498.97,★
405.01,499.97,405.01,511.97,416.01,511.97,416.01,499.97,★
429.01,410.97,429.01,428.97,440.01,428.97,440.01,410.97,★
402.01,412.97,402.01,422.97,412.01,422.97,412.01,412.97,★
413.01,401.97,413.01,416.97,423.01,416.97,423.01,401.97,★
406.01,383.97,406.01,397.97,417.01,397.97,417.01,383.97,★
335.01,414.97,335.01,423.97,348.01,423.97,348.01,414.97,★
332.01,386.97,332.01,397.97,343.01,397.97,343.01,386.97,★
222.01,360.97,222.01,375.97,356.01,375.97,356.01,360.97,SUNBLOCKLOTION
225.01,321.97,225.01,345.97,352.01,345.97,352.01,321.97,PURE-MILD
230.01,292.97,230.01,317.97,352.01,317.97,352.01,292.97,UltraSheer
226.01,234.97,226.01,266.97,357.01,264.97,357.01,234.97,Neutrogena
239.18,175.55,241.01,195.24,429.01,195.24,426.98,181.55,乾爽、防水、防汗、不堵塞毛孔
230.01,109.24,225.38,146.75,434.01,149.24,434.01,116.24,敏感性肌膚適用
33.01,204.24,24.01,186.24,244.01,55.24,242.01,69.24,http://xiaozhaiwu.taobao.com
22.01,147.24,14.01,126.24,193.01,16.24,194.01,41.24,小宅屋实拍正品保证
187.01,71.24,187.01,85.24,213.01,85.24,213.01,71.24,PA
214.01,76.24,214.01,87.24,240.01,87.24,240.01,76.24,###
234.01,33.24,234.01,69.24,181.01,69.24,181.01,33.24,50
200.01,19.24,200.01,37.24,232.01,37.24,232.01,19.24,SPE
